vY0            -14.4913767462
G              30.0000000000
TIME           0.0100000000
pixels/metre   28.8571428571
u T1/T2/T3     0.5333333333  0.2222222222  0.1777777778

tick  t_s        vY            y_metres       y_pixels
   0  0.0000000000  -14.4913767462  0.0000000000  0.0000000000
   1  0.0100000000  -14.1913767462  -0.1434137675  -4.1385115753
   2  0.0200000000  -13.8913767462  -0.2838275349  -8.1904517221
   3  0.0300000000  -13.5913767462  -0.4212413024  -12.1558204403
   4  0.0400000000  -13.2913767462  -0.5556550698  -16.0346177299
